1
10
100
101
102
103
104
105
106
107
108
109
110
111
112
113
114
115
116
117
118
119
120
121
122
123
124
125
126
127
128
129
130
131
132
134
137
139
141
143
144
146
150
151
152
153
154
16
160
161
162
170
171
172
173
18
180
181
182
183
190
191
192
193
2
200
203
204
205
206
207
208
209
210
211
212
213
214
215
216
217
218
219
22
220
221
222
223
224
225
226
23
231
232
233
234
235
236
237
238
239
24
243
245
246
247
248
249
25
250
251
252
253
254
255
26
27
28
3
30
32
33
34
35
36
39
4
44
45
46
47
48
5
51
52
55
56
57
59
6
61
63
64
65
66
67
68
69
7
70
71
72
73
74
75
76
77
78
79
8
92
95
